21
64279
3119
7414
4797945
82466
874
6182
29347
5696
312
597261
745
75983
4845748
144258
267633
345
186425147
6
3453
125
178
1576794
949995
8892
82767972
5599
337984
725379
492721
887774
446
7596
6565
7918
647
7342
6297
668639652
6618
425285
25625
16254
6286
595
953
4474
13133
26819
752
56212
98
3975
498761
481
983
9164
5527348
931
5512
86697
283
216386875
5
5518
817
6558878
88991193
9235658
86
7534
2816
23546
78921
58
6652
65734
23855
6578
25584
9442
666
63
9454
1885768
5951864
1
6234773
886684
31
443
338
6267
1313
7896591
7424363
9186891
79994
129
92
361
5626
682937
7325
4673273
46983
1358
2
319
3812
21765275
92395
984
98765
959763
65
151
87868
66238
94891
54132
6994
169783
3891
82858
2
3
3
891
9921
34388
8
61
84514
7
692452
28
7246
18361
18446177
639
7
49525
1542
515841
6693785
2757
721
45
7649836
345
8524749
986
4671
195
95812
3966
187495
6282
3
9
7179738
4
73481
244
67555
3757
88
159296
2
8226357
985
6488
624258
935
8
911
68
575914
327
455761
75633
67878
679
16
94595
3456
2286678
99
23
7754
83697
72
7917
318364742
12949
846151
58962
625635
62
1231
6166
743459
98337
9
86264
516
57
9621
13362
1767176
536
873645
4759962
942668
47123
5627368
841784
6228437
97357
711772
913924
22
45399
3798
6546
33451
51451629
3151
91
43
61483
747844
38
7179
7477482
82243193
4
484588
62
8496447
2437
42
54422
5716
8828
393574
88428497
153
339518
944229
1498
45168
5
13668
7976
23639
825127577
58695
161296
29463
6526
41635
465475
232
79
621
65643
158599
787621
69184
71496
85238964
2186752
86842
1
55618
1566
76844628
7
32543
83
617
7
82199
91
3841
5776
36
656446
479524
5171
3139
571318
23984
45559
364
66353
66778
6623
6345
24541
1
7273
4488
3197
1599
56641
5845548
3454
829
86994
855662
3422343
51497
98
72
846
496
33
62523
1918
2188
2874
73991
57
385
1477229
185
869234
737
5574
8882
478
8199
843
283
5291
144
87
31145
971686
199
72
1678
2669
3856
837
2581
5369
867852
7812
6582
395
896
752842
82
4518478
3815
95
25
54
254984
2562
4197
387
765172
749386
91863
36658923
32265
7145
77955
829734
246
525517
47
72
4562
98647
61159777
87
9
393337
996394
63671
68634
3655
19
35881
545987
6782
33852
664
36
15832
23717
6263
351
9245
838
4622147
7132
5
275
488454
769417682
9194792
3272
116
8524
442
822
3913
424
63851
839258
994
77646
1499
554
141276
4568
18743
49666
29
26
62221142
4
48126
136
9655981
27634254
8991
433
21476497
2147
8785291
982
374492276
9882
13
6435
88
42
398
458996
29725
3983
97734
2992
27
348
6116
488
77
35592
5
41242468
968342
1556
2
3856
8224464
72
78155
279862
1624625
1113321
7297
54974
4951
21272
494
88718
57986
3793587
56252116
34
7229
72699
33987
648428
756
86446
663
2
716
11919
8867
46933
3635
8
277
22
273
82372
984154
6562
5354
4362
712
45925
422
9156948
385525
178
398
42
7437
957
753
474
21841416
6356452
812
3
178
89
189
14339
8236
896616
59
691
588
289658
54759
62832
99717
739
7914
7359
9
5629318
42125
78124
852612
298
69
876426
854
529887
249423
7722
648497
1949
77
4551
8519333
558
6451
479
84761
24
828
9577
95343
4
697281
362118
7336152
744481
558948
85177
81452
26893
6839866
49
739
5535
445172652
6998
76459299
39458
3
64
92937882
39365
9597513
383854
2937649
2
1
67771
39139
7443
7753
68249
42
6312
819
48168
16493
1
16869
93522
9983
73181
3888957
7546
51
8263
363
2635
83378
74595839
37
5824
78
3515
39396
31397
962994
2711
8264
64
421
7
219775441
23743439
8773
69
6139
283
549871
798287
14175
575875
6299
28388
79
84549
395436
719
443
8
145
353
478
62586
27739484
57
91
1897979
3
24155724
9
91176
27
15
2263
455
66521
544
415417
45235
6928
36687271
1754
17133
69
29578
24781
1956
287
71
2456
33568
36314
63
756
575342
454
593531
9224288
131
711
9812
28737
4123
7
62688
936
35783
2156242
98428
84174642
136318
7349
2196211114
65
5789475
1819
1626
8
8
349438
916
28848
2287
6196
2911148
24858
55967
799
9434795
896
8542
138
41
329329
35161
62
8928182
1418
38859
6592
738
187445
688
61869
83241
8483743
9625258
564435
9211447
5985
92
37991
32297
31
61495
411
992755
29757
158
2578
49579313
513441
114
66
8277292
65919214
5628
6456
675415
68
3242732
477693
674
98
2924
2474
28887
55873982
6758
524932
78
345
985
82153
473
92821
981213
2149569
7356129
383299
584
4352363
445732
4221
5135
718
37893513
898
8122
4
917
5856
392
8
23
6685
8293
352
181939
7
712718
389753
64
361
77
562
6279
8991
4295
7624
813
3312323
2264
21344
479345
434234
96524
761524
6411
5392
9457
133
467949
16
2663
687
492272
9827
8766617
8861
2691
694758
821
165375
2
8456
3757
62
12
7
85
123
59685
1241
36817
7964
332
394882
225
136
21996
59193
916
4656414
752337
64649
2746
52138
67
9528
291
649
15223595
1229
6768
22389
21281
72
72
366435
3382242
22
21594617
63
647
528
879
194
486
692
93
888517
595
8221
2759
82161376
86178
5994
3264874
39534
5877
23488
534
214
38951
6
1888
3439
655613
1486238
4429
678194
78136
6491
985
93637
286655
6892866
258772
56654
82712
348243
9451945
451
11848274
2331
179
679
79393
135
4839
1
83884
516515
61447
9
6411
61427
139
8835
16427
3992
74782
2115
1
26221
7783
4545
239
4297
939
8178
182
588136
62
3159
446
9841
8672718
138
534616
676141
5
95975
7598
8465
1
996
1826828
35
359
497268
743
44639
9819
44324881
26
838356
827
5454
76264526
5215
665
112
9872
49791
882349
88
96717221
536
4667
4172
27476
79677
28464
1775283
668369
752
821843919
57
1253
7628
9185
16182
42
531
61
84538
1171658
42231
68448
918
1544
36546
6386782
254
236
982821
433139
46
63266984
